198250114
211945809
183788569
101121781
136757950
110552791
055566638
061047327
119932574
992266287
011607752
208743259
137788096
993634466
993094914
995631916
043407099
146409020
014979846
187679762
115729337
161329497
081642921
155196390
011304839
167560874
048877872
085242865
033740945
051604363
024467087
160022493
021703635
061053135
191377146
994610614
057065845
140527022
129680733
214615519
051609983
100173484
094811306
152694965
112924395
020136698
124762099
158896062
152142328
129372467
105375254
154982999
025985026
097292194
050297128
036012195
110904153
032225075
165215347
032467062
028927372
053790078
222253752
036909542
032118131
033931345
030321787
096155529
070171102
085652349
139753769
169442226
095095174
091829156
189593107
060031360
212450432
200340358
106718510
101213748
055000143
160348945
201475763
110371553
022836608
017191206
202875129
064495132
018859028
047529864
056367055
193249507
061832090
027929543
127567486
116980463
154666112
097102112
038662364
084455643
179787601
146888204
158506798
200546203
096470016
057084842
991135422
079308660
188000296
079160101
164372760
061990223
038659299
192304692
138098857
200390014
203577125
184059918
160074489
113115591
057979781
160800305
035845873
117384550
216817433
066664062
047724310
025073635
109519740
994686836
210684733
168686160
179656308
197497201
222087497
194160818
144978339
147655520
181299403
031195304
029027542
116796832
010918336
037442628
131958440
134589839
159716506
216171106
114358570
054870043
190401335
054358231
048510543
090086504
177055287
026715718
137990304
062619328
039783659
057934858
160432394
082693073
209919716
167286994
110978653
167147014
089716381
215749447
024547077
107843170
141001740
066936001
016780181
056925968
044720580
161421624
993567308
118859303
134187387
140752564
033872627
178064541
110803601
037966919
204168340
095760992
115727587
087167360
028179924
151595279
176313425
110576826
188717992
063405804
027227967
053531335
022746121
020502562
164064147
138789566
177255737
169003306
064283412
180788896
025526521
050805705
115126100
024162192
094616999
047396718
178131363
165227330
024584900
991159267
180155122
144439328
991459831
130328233
136801153
216171407
175320808
033405153
116820986
098907530
085750723
137415612
115616260
201809095
061915364
143107850
106819140
204176201
028784572
224878316
175908285
033034160
138501387
044066245
096644464
994566546
104550653
144577771
031843619
179295701
120156406
029527118
185544489
226195440
018327276
218335993
165509022
127430647
013200769
033315178
082993258
216487849
129195601
033233162
136020801
114937462
053289835
167398629
035368946
087790434
097041066
075704552
173675151
025363839
053624437
065428236
103481373
115178452
179608932
162869142
225472045
079706229
207596618
054705049
157682190
028686120
024485379
134913474
104230608
991864523
178615084
153883565
083374134
125998271
046884185
054412178
021229052
143049098
164061252
035719244
066778720
211881306
162800636
100250055
209061562
054648172
993056435
174019912
046904849
065918878
201117633
172518730
089435823
052324037
054815827
120427077
014595328
024105674
040177475
031732668
034657856
028106512
135886461
127095233
157338740
991501809
144516937
082928274
077400282
111773984
029264617
028740807
153099021
045954413
076771331
144209243
084206737
043049130
161579684
043878821
121316656
062248945
170271639
139454330
030896398
126512063
054165435
221284538
127283908
052570791
062916568
156621121
031022433
128239825
111906274
181907395
992242595
141340391
017794957
114105102
207120717
193986756
204824533
060702692
179508998
165042094
097269746
032363764
024398739
056858738
051381709
061549760
137286999
056656785
187386927
044707506
201515681
992430341
027638741
038623248
227418290
203744104
991769017
028679814
145050728
197576608
035664544
055225467
205520273
058066373
017887202
129219411
085456182
991019335
164868527
136717819
112498962
024664555
049020684
027896058
198656598
196021923
081037794
069843308
114018367
100803723
084891356
048715785
053839674
130229341
060326708
012014312
206533597
195354213
086101082
121159307
160853803
059953186
039660177
056247058
074127946
011173511
119861532
080275807
083946473
103130472
034834662
116390008
993107519
168914968
061868458
129453722
134144159
142778222
136669077
112817151
052437008
079217515
046193726
012017081
129571314
097640903
057687537
157465284
055101724
187637056
033643232
042292392
055422251
143788441
054015258
993384256
095670586
172655370
157487133
180527566
043711882
040936233
224059860
191234607
078468872
990393092
037481997
123308671
201896155
147651460
063777157
121075483
111972559
160163735
204230712
058351758
161744661
034383762
145343528
013485513
066080273
034252585
151643755
035570910
227791287
035653907
115434270
124345056
208472250
064685023
095863594
033799408
195408236
062121590
092029413
214591744
224244920
140896874
111743868
167284012
055764392
201903401
196730165
055436727
123350815
038276343
990151001
042259195
136052072
026459655
095770009
034187166
216774120
129171950
121316967
145155347
225064480
062529008
023797902
165488488
055505287
030832317
050299819
113302433
043396123
013224784
180492510
139926800
141365071
079094045
159961152
107146140
121256597
211386588
137865730
183171122
080166499
093840004
098499735
177419247
079155155
134359043
179501337
070535095
159070470
135768360
174449426
127029592
057602224
015810758
024802833
084454680
224190608
225379846
124312370
168320158
190972684
077447025
192058272
029395797
108348458
022278264
066907266
213792144
131759587
049309861
149697695
189231897
227960220
070285413
151811836
106024178
160732037
030280419
132914743
215995571
222335645
122186940
137891257
079859397
190122680
038302946
030241267
175860576
043620543
145726800
077686453
146496926
015146930
114468716
136785206
050764515
141103818
026601977
174186371
218764552
045093135
032678348
191572180
040930422
156793506
103505450
081130747
990662137
201732247
077690645
108296570
083302294
201369684
064464361
188880751
131192722
188983460
046169817
180915220
996309494
024770327
032386018
040122617
015835056
152940881
044760153
051855013
031871046
190633405
044259681
029255758
064050208
199266963
161149455
198161167
158074713
031667665
183282328
191327347
205693559
197158458
212309925
046377670
189456026
199667412
992924098
095126651
080844247
163509481
135413988
034253856
098532459
080588565
142298626
090266903
161223221
140193926
222315344
038026549
045132276
163042708
033539708
990173509
099856088
053191441
193594664
158981563
032883409
132557161
199050558
026462738
140693675
013605776
160037999
201241291
042705712
070881956
039620586
180121366
095766774
143567633
074637559
027211244
991066921
031896698
128455687
211483301
108291038
102970645
187519743
046652790
050677905
049568540
027262278
158553174
029405994
147212072
039804733
145183941
083572724
105875943
207491069
094859782
108389141
048848147
178759627
167089701
179727326
175510186
040209113
085138869
177205902
138147567
122060598
139976374
139023963
131189088
108560488
100450117
014080408
100079957
010873206
159397334
158834472
112702820
225080377
034575842
136438879
049233704
226249183
037291667
076551229
144468570
104592708
044421358
057056993
212213672
197455346
218750346
053174493
181167237
095044767
192875872
039544967
037834408
089065994
085216024
111721800
085123366
108053016
127537525
201728908
061805227
162048858
050919047
160112161
065279910
182996206
222393982
226900392
075583854
125948657
197315880
200321839
217330377
189261089
025390100
065979638
180050860
043667163
021573091
217559516
100976936
174924312
023356403
106251690
113885605
055429415
028740143
181663249
990294530
209966476
184201196
189619678
065656721
161948633
222957768
062420297
166120035
185112378
056429673
184480854
057487062
143416403
076602181
990980315
123560054
100044541
012966739
086466014
218267918
990672500
022532688
146980365
222162622
025596012
178485930
175713714
054002323
046440691
199717263
996476221
066899609
042264351
115726249
023192610
050705214
154580162
022807941
055823166
052638997
048857494
167139732
990206467
116910668
127831469
055020916
030414831
038778068
121124736
061753647
129815918
096213523
218245426
063710999
182871127
038905657
164237441
043136882
105412440
137145015
082672483
011452505
125862842
057319791
207200445
095138203
094617122
070938985
151048798
221227670
077437888
208664656
045118176
179712271
070458777
214768690
990523450
113440011
144352982
090266906
011520828
024391584
108087502
066493566
112736398
121600869
163227661
057925802
134909790
026089171
014443640
091349254
131073161
085776634
200891001
044250559
095911293
099036228
020089939
062567693
074547419
163230175
184589652
224272495
156320120
111917770
024458677
217919149
085800618
034913968
070832041
055461952
135665269
137419691
227974869
137602606
201505635
055767160
223495136
194754480
046984526
029803575
171124622
179644763
153710589
135207378
213045086
031216419
053372009
057209370
046465684
103541261
024951361
018333005
097312867
054208623
170032144
185296834
034682578
169607700
089087582
185108856
129436832
051944007
215928275
048907765
062656578
015021789
182319473
179948045
142072794
058532412
107026566
014077125
024486663
061509603
049498528
136952939
037418962
223816940
146547784
066751441
201385171
215106351
223447888
024408851
057517253
076403720
031593208
016370982
102003097
090361010
153897962
222102196
184244483
222255432
043319022
154994068
077550991
201427506
128982317
191083346
162718797
034343032
170869511
027137915
064739395
056635258
096077095
093479737
058046962
076438504
146352052
108743708
036944083
189353945
108989805
049753498
996018676
039941016
187984954
027575572
154970853
085746597
189851026
098007520
101118337
080959553
184435962
159172653
136359364
056298220
062216848
061666853
060558166
024700868
220043677
128849978
064358852
185200114
128221990
227054998
182308345
168186921
207919673
106095111
161935529
168485013
113485757
218272146
144825995
164770406
024884059
023199179
112686789
086216389
113437150
052542061
161498855
125395598
033737247
124342588
046491520
028383820
090066811
147612000
145924034
214266319
117181344
074154408
082049774
027000605
213163321
220457701
045085068
034470898
048278941
032275041
202265652
187358392
146336820
217909352
190045930
097301711
014719398
225998393
109851409
026081977
064806116
224159492
040589322
195223587
080056992
139741371
224835316
154907911
174902971
991175184
134097961
140648411
112006821
137146475
031096667
149189241
217365250
142956900
086418438
081937212
131141606
079785706
029647134
061794943
217852095
208574480
146462404
024544788
083355003
106541743
079409624
112883890
126596211
046174632
100715019
127395083
106634072
079356893
115289752
216762674
110768868
991757444
205039411
996271770
140844516
053046916
184455367
202857189
194309742
216863262
068779906
046466015
032064927
024349329
071002269
172618492
034382486
116277280
121514964
077668589
095761944
051547588
095162750
138747794
152247485
105875792
028236618
141526823
121928972
136113263
048783775
990361450
163166382
187228948
142012153
083407043
216627761
142425774
104643914
222249672
094337086
042109419
171109669
067719297
123852307
113001229
016775091
183420578
138862527
121044750
135618828
147280440
115592474
082570104
079619837
182023487
097291402
189151431
117880436
120425821
022026933
083343819
070689311
058721634
159308566
093937080
189175556
083419477
040370996
082806526
142272783
166699202
187302209
025236301
068629283
215377182
188334601
091588960
096195222
083965819
185003223
115898224
124512914
115069800
172141202
023669833
067993495
129939953
088137641
157435318
080249010
157856158
155820133
027963599
116463686
207076022
068196656
146378684
080654660
086316815
187109682
113006416
205202307
080349681
088179227
024455305
025770567
101266753
080171312
092471134
096204783
082295464
104091712
158320323
095640785
130264249
080364217
093264064
146678726
118627511
189350778
035974732
147429509
035111123
188914080
126513449
096795286
040918508
138963140
037992023
106901427
087694974
216623688
131002807
146567646
074511798
168984225
080482906
036105144
084374035
206704085
156666684
152981866
036375058
087842311
990676296
200548100
140151643
079686297
206330017
189681607
178407294
035479282
074881515
090121387
207153513
089067668
066972201
182470012
081623694
079219185
990545809
017949219
083169868
106926499
093806342
206422210
215465888
034833630
039019844
039129932
083658197
096213357
068790029
142862846
131574763
071482992
069140196
203278077
081053764
201719751
123751530
086121939
145180518
142824357
117021082
042265420
198084546
170227297
068531618
183644071
084205062
128696997
215972439
080226231
096089281
034396310
135448690
170464614
082798626
143728278
036321421
202295572
071083592
085827961
081294027
067019718
168782418
105279661
126799924
042426095
074632980
147527518
038879605
071331051
202479691
214426929
188609115
021321531
102318163
071519247
083287655
042351446
180552650
071368025
130428071
040127148
083388591
138211365
088384417
117881170
071331996
079581598
024471232
017341719
103043556
026293635
081619434
091108097
091140024
200862292
145378936
021948520
146557606
042179716
225222370
092914329
134566778
074836656
080853720
115065860
023704474
082768900
190380272
122386415
082393481
162323278
079154878
055190548
118683797
022034349
119139352
142044816
036314846
990169766
080359599
157400612
137516555
079416901
026344032
030275436
080994752
107618605
047905479
215963481
206103822
145260280
038851751
081320348
026682647
051043004
078360536
137339602
203589989
043850357
038970436
020830829
084754682
076985248
155307097
074194982
161799464
228059515
228835267
228254014
044935466
046763099
062676960
032815282
072994451
029246870
015198803
079346706
035238597
041156115
990792027
083923820
027791160
060332537
109172336
165119323
208418520
166638053
188406446
165135753
188974093
188760040
167482244
176186760
176020521
208513658
164836123
176052650
136543123
176183484
095978837
144491905
176262177
166814351
188582239
208475740
176114781
167025969
166911760
208060781
208175715
188964858
095221976
188367926
176473721
188451871
165617966
165241919
188977698
175735455
165323708
208224328
189027410
117229634
176131369
166796897
188507416
197301385
112074819
143243861
095732720
188346470
094333090
208890100
105455810
095237185
165670085
208426298
165090309
124849853
195555278
208183078
138208403
100128602
119007228
113795088
165685959
094739681
167087350
139315857
206666045
121767245
137434555
095228454
142932655
176344423
172235469
112951213
108307853
111816612
165332718
101077027
148201590
192459176
140329205
197941674
132631683
176046389
128512516
135395668
143076465
094946174
096205078
208470094
165141172
174223030
130363451
121547906
097119762
097950904
140169985
100325075
208363160
208549798
104428194
094789746
180531061
151264707
117502813
157985870
192568552
087703862
089658742
101179283
173944962
145392551
148727136
096770055
082604449
090142451
215321353
144607451
089141782
207030763
161748558
071294405
087814752
203829970
202027163
145288992
088732004
090481375
039220089
068397352
086844508
162009902
149212435
069659092
069190665
091155873
068080217
147831410
039055685
992111781
128890729
112384265
107369299
035106960
068427853
083821556
042855656
141025043
164725008
084712498
210505501
138008327
189304963
187334920
085388295
203928577
094962396
042419647
085206968
199563027
089731027
069240990
086844948
207125624
200200628
202829512
131652098
081129337
143325846
068557771
093056017
188190830
992138541
017386534
136658452
136158585
169977140
171295776
019279263
169577070
189058534
085819476
085217131
198749828
085314792
142311992
051146644
173953756
090700282
069287041
210857552
069140197
068790994
069517807
071293389
088177656
143647687
088480877
091508118
105152597
077909926
016217521
087580354
087527160
142511433
085986404
088026774
086014607
076940756
068331154
084136774
069390938
067210360
090559299
068105898
016767803
117000870
091191809
085138955
044053982
184233110
079798252
087980114
053693972
090443468
085217850
085217527
067071201
091151717
089142711
166698929
087580517
088029402
086594598
087580050
087782080
036681813
087630945
068790423
188638297
167116725
208123957
080045180
016567537
016567538
016767125
016767189
016767190
016767191
016767192
016767411
017502160
017502161
017928831
017928832
068790603
068790605
068790652
068790793
068790794
068790871
068790872
068790873
069296735
069296736
069380942
069380943
087782086
087782113
087782440
087782847
088333802
088333805
089142954
089142955
090142626
090142627
090142628
090142629
090443969
090443970
090443971
090443972
090692121
090692122
093754274
093754278
992152071
992152072
992404352
992404353