070135301
070135302
070135303
070135304
070135305
070135306
070135307
070135308
070135309
070135310
070135311
070135312
070135313
070135314
070135315
070135316
070135317
070135318
070135319
070135320
070135321
070135322
070135323
070135324
070135325
070135326
070135327
070135328
070135329
070135330
070135331
070135332
070135333
070135334
070135335
070135336
070135337
070135338
070135339
070135340
070135341
070135342
070135343
070135344
070135345
070135346
070135347
070135348
070135349
070135350
070135351
070135352
070135353
070135354
070135355
070135356
070135357
070135358
070135359
070135360
070135361
070135362
070135363
070135364
070135365
070135366
070135367
070135368
070135369
070135370
070135371
070135372
070135373
070135374
070135375
070135376
070135377
070135378
070135379
070135380
070135381
070135382
070135383
070135384
070135385
070135386
070135387
070135388
070135389
070135390
070135391
070135392
070135393
070135394
070135395
070135396
070135397
070135398
070135399
070135400
083451860
053494801
075323677
070184433
066943254
076664234
075320462
076564941
070031345
089972844
058483331
058483391
070675184
034972152
082298930
032778497
063755772
084000900
063025891
052613195
048139768
088843833
048318562
087598211
078049442
069872964
072491216
071507884
067191387
070487097
034320176

048831336
048613576
052133998
017652639
019388432
043234154
016487914
018324718
023281712
014478477
012681978
018801319
023478461
048671666
014121672
048636646
010004371
050094805
016633022
050005315
050037202
020060835
020070361
025565531
054304608
047639279
023981051
018596352
044280786
044241961
044643921
044358549
044934332
044937600
021176596
023503975
023903689
054002963
046618569
047035726
048466189
042177513
042686997
047523709
047290188
021532236
024302290
021946731
021908759
053775576
054853472
052342633
054849684
053666646
054417415
048636778
021731367
045165944
045177733
049902376
044776040
013836205
049927676
049724286
051860446
044762739
024725187
052666197
023767115
016942163
023698577
053652756
049788716
041834346
052166989
016365191
015359444
014969379
020391612
044187474
057452030
057355767
057315042
052496941
022596530
025160795
052106258
020605101
018251371
018131623
017131742
021125089
021199186
018098729
025464970
051964504
025384527
024469935
020158100
017293643
051110061
050316558
057297353
023208800
020643671
014191894
024848584
022891306
022064348
010219451
045109348
012334199
012183360
016553516
053036619
053835466
053470329
051730528
053089049
021696345
055056457
056488447
056157200
051187930
051809321
013696627
010503838

012845188

109849296
109207555