348034735
064096687
313869556
227260972
267598440
359026766
040812483
282858026
023526659
497478848
122048604
046489185
541430491
588005256
082645527
093138992
301136200
024907555
412711138
301671811
625373005
548256574
540162796
327911888
127371075
133827199
562872988
168242466
540204657
192370504
076674334
066175409
612334480
257065358
139627788
097688908
231694440
493529328
197271221
176197001
381643167
289578560
068389002
300375161
300375162
300375174
295966523
293781837
293781836
306177350
248043869
257464110
287862494
296475025
230928808
186600075
025384609
189993244
052897285
079752290
014287650
155471199
181648545
234892098
254229938
190844638
096604938
063655906
061758930
031704920
031213443
023176306
088442959
170604073
170740255
757059145
621134669
135888367
559403871
436663162
704800061
926013218
752188441
603777287
892584153
563521821
713564946
680242620
479866136
767535734
413812280
102960877
625793019
273627215
899305917
346327973
125762506
763860594
767030716
614832704
181802421
194931717
355023626
696497047
111292128
365504403
725232653
661786533
371021557
670865568
371811769
489518383
430083381
470044249
570005208
350065568
060009430