039095001
039095002
039095003
039095004
039095005
039095006
039095007
039095008
039095009
039095010
039095011
039095012
039095013
039095014
039095015
039095016
039095017
039095018
039095019
039095020
039095021
039095022
039095023
039095024
039095025
039095026
039095027
039095028
039095029
039095030
039095031
039095032
039095033
039095034
039095035
039095036
039095037
039095038
039095039
039095040
039095041
039095042
039095043
039095044
039095045
039095046
039095047
039095048
039095049
039095050
039095051
039095052
039095053
039095054
039095055
039095056
039095057
039095058
039095059
039095060
039095061
039095062
039095063
039095064
039095065
039095066
039095067
039095068
039095069
039095070
039095071
039095072
039095073
039095074
039095075
039095076
039095077
039095078
039095079
039095080
039095081
039095082
039095083
039095084
039095085
039095086
039095087
039095088
039095089
039095090
039095091
039095092
039095093
039095094
039095095
039095096
039095097
039095098
039095099
039095100
199678407
163193244
133495256
157400320
102795503
198578929
115966336
189752387
129182755
142773560
038225322
990998303
992670896
990276810
992521876
074059128
103990559
109876175
158801331
172873231
106576151
134010602
143448163
132014126
117390696
224895228
225757231
995394626
992913240
990628551
992396946
228139616
228161876
228236012
229999615
035148747
035148748
035148749
035148750
188403562
188403563
188403564
188403565
143494300
143494274
170077962
105992099
181244321
215084707
030371440
127027027
990921387
091349916
040006318
064876274
034195178
154676943
141153097
139515375
143272872
134316250
182980864
154066267
187191134
138017465
187103158
144356823
197869304
205003756
206816741
218393771
031174196
034861724
993746888
994533273
113834381
130029939
187588613
194574466
186588319
172116673
114486428
058099740
045152627
020686366
066100866
047965901
044123790
046861387
086920711
085873132
994557551
043217451
026754731
150047801
992377341
139992266
011177995
990076999
061715301
121832330
051573450
086418911
115987619
050818406
069580906
070771504
095582411
023426016
119139411
080805197
105757913
031566252
052540839
076711503
097885606
065965783
023558038
128728319
159373160
170141431
168501348
141628603
062653731
011472061
093339299
095023743
026544095
028438908
022042408
010657343
161279838
020517652
214978064
204523954
202063886
222132541
196744814
219024046
025801647
011080286
035552674
028237093
028767942
074571596
056776246
030203716
094348712
034453225
206020365
210759241
217300712
207180361
081533470
046684702
054682936
027409476
086819558
063282516
019149265
050992529
082765121
054376993
033269920
094885418
077911847
077911272
138212298
040526497
071558488
096830445
080840678
197981481
140757398
040101513
144327143
156141982
079334455
078968390
039048733
204711908
199830470
084500701
081861942
201547635
074700171
148160617
029447152
116992386
085969308
093993648
207584657
085557658
183856026
086339667
081670334
082806711
214176004
085877206
045984400
159008636
036813059
064416944
202096297
169829280
087607151
123712776
105313268
188247650
165020557
208501798
165392885
165427066
176058981
130397202
132596800
138207737
139902902
164838217
167137498
167410391
109060528
106932434
188746472
118313788
142600880
178564706
176132682
171753573
148093178
100361545
100956935
105961058
103344135
208527892
104359099
157678338
201614273
208207853
188444387
028440134
072099989
039679675
078389550
120935777
099194364
010380710
035864782
062873298